00001100000100000000000000001110
00000000000000100100000000100001
00100100000000100000000000000001
00000000000010000010000000100001
00000000000000000000000000001100
00001100000100000000000000010001
00001100000100000000000000001110
00000000000000100100100000100001
00100100000000100000000000000001
00000000000010010010000000100001
00000000000000000000000000001100
00001100000100000000000000010001
00001100000100000000000000010101
00001100000100000000000000011010
00100100000000100000000000000101
00000000000000000000000000001100
00000011111000000000000000001000
00100000000001000000000000001010
00100000000000100000000000001011
00000000000000000000000000001100
00000011111000000000000000001000
01110001001010000101000000000010
00100100000000100000000000000001
00000000000010100010000000100001
00000000000000000000000000001100
00000011111000000000000000001000
00100100000000100000000000001010
00000000000000000000000000001100
